0.02
0.01
-0.01
-0.01
0.04
0.07
-0.03
-0.18
-0.02
0.37
0.21
-0.73
-0.90
1.10
2.56
-1.09
-6.30
-0.97
13.53
9.43
-25.05
-34.43
37.35
96.78
-31.18
-232.29
-55.29
487.72
385.09
-879.57
-1330.14
1244.81
3631.26
-822.61
-8530.13
-2748.76
17523.98
15533.76
-30690.99
-51082.56
40928.32
135762.61
-18254.38
-312203.79
-127006.23
627201.61
619729.77
-1064221.22
-1951930.21
1322200.63
5057846.95
-228822.59
-11388841.18
-5606598.44
22356765.38
24494769.65
-36643213.14
-74239094.67
41750368.20
187783397.79
7851873.58
-414055876.28
-239854698.67
793464726.36
960381007.67
-1251615244.64
-2811342280.91
1278065883.67
6948417152.12
884799131.76
-15001875369.06
-10027452702.40
28030330087.00
37388813566.94
-42355990321.63
-106027556792.11
37403397615.63
256255177340.86
54306607444.59
-541623218043.81
-411837924614.04
985248722089.91
1446456037969.47
-1417756359374.84
-3983260655895.56
1018763034390.16
9419516159053.48
2789458921643.41
-19483171145198.90
-16676574375035.59
34441206231698.69
55642113789244.78
-46832926282536.44
-149089640005962.97
24249283857181.38
345108252713003.69
131324161622985.70
-698174774546974.12
-667463146381533.75
1196673523138684.75
2129384927119116.50
-1521927082843933.50
-5560374740736518.00
403819049346136.50
12602162427685932.00
5868411751501482.00
-24918737813964156.00
-26453824138133160.00
41297710054272136.00
81102392459105136.00
-48432014679076640.00
-206659173297284224.00
-3106113284266352.00
458648843834302208.00
253232176252544704.00
-885607769747397248.00
-1039662937084223488.00
1414278880678296576.00
3075293660935345664.00
-1498633364062766592.00
-7654801900030959616.00
-772860587743645696.00
16635407166819096576.00
10655393146232868864.00
-31331662706703429632.00
-40560454500135976960.00
48006144069511348224.00
116126504180963639296.00
-44565112137562824704.00
-282595922889894428672.00
-52500533795025321984.00
601265081351882932224.00
439845206117192630272.00
-1103055175260499607552.00
-1572107019238951354368.00
1612681095578608730112.00
4367820985941507964928.00
-1246417527156480933888.00
-10398353820867346038784.00
-2808053194328734957568.00
21653468684558931066880.00
17883531925672561737728.00
-38627185736872991129600.00
-60578561778969430982656.00
53505785986949484380160.00
163668791214554954596352.00
-31282938698924971524096.00
-381359524376931972677632.00
-135125696568396913573888.00
776880030933938021072896.00
718198769338977267744768.00
-1344736108835254717906944.00
-2321910295391953366286336.00
1748330625704016073457664.00
6110797908093857901314048.00
-612514833036776342290432.00
-13940264818029054348230656.00
-6122175188982484281851904.00
27762973460575646161829888.00
28546535261770614883483648.00
-46509146762205443318087680.00
-88562499724843757657391104.00
56033688894022221278740480.00
227358387977028192224411648.00
-2709673096115613348134912.00
-507878026469164435984351232.00
-266716096196586757511184384.00
988020451421034962642534400.00
1124697182460781086587748352.00
-1596728089819013713095557120.00
-3362683547402203535257894912.00
1750684187634562431283363840.00
8430301934545316917289156608.00
627913178977383533990903808.00
-18440614933462599683039821824.00
-11302006109897157424529276928.00
35005362041066268070560923648.00
43973663447094456240452927488.00
-54355983113332665532563849216.00
-127139285386558002800711696384.00
52794553425916546213054775296.00
311545574754274949728321929216.00
49717274741439605638957105152.00
-667242866352719478954515234816.00
-469078538610138791460978294784.00
1234315952151497144427144544256.00
1707714464954480349128180105216.00
-1832227236679022461389516046336.00
-4787781273851866719649041219584.00
1509902997568148312572758589440.00
11475284816869498324788873003008.00
2799517010436440251574576480256.00
-24056831550504652851022516977664.00
-19155224330182033071136185516032.00
43297534499290831788361925001216.00
65919328022643440464547301818368.00
-61040404122821427032949528723456.00
-179611329554134775892603280818176.00
39503896516086781065306056949760.00
421285264202413335736913739382784.00
